826 0 826.1 0
826 0 826.10 0
826 0 826.11 4
826 0 826.12 8
826 0 826.13 0
826 0 826.14 0
826 0 826.15 0
826 0 826.16 16
826 0 826.17 2
826 0 826.18 4
826 0 826.19 16
826 0 826.2 0
826 0 826.20 2
826 0 826.21 0
826 0 826.22 0
826 0 826.23 2
826 0 826.24 16
826 0 826.25 0
826 0 826.26 4
826 0 826.27 0
826 0 826.28 16
826 0 826.29 0
826 0 826.3 0
826 0 826.30 0
826 0 826.31 0
826 0 826.32 16
826 0 826.33 2
826 0 826.34 0
826 0 826.35 2
826 0 826.4 4
826 0 826.5 2
826 0 826.6 2
826 0 826.7 4
826 0 826.8 4
826 0 826.9 0
827 0 827.1 8
827 0 827.10 2
827 0 827.11 2
827 0 827.12 0
827 0 827.13 2
827 0 827.14 2
827 0 827.15 0
827 0 827.16 4
827 0 827.17 0
827 0 827.2 2
827 0 827.3 0
827 0 827.4 2
827 0 827.5 16
827 0 827.6 0
827 0 827.7 16
827 0 827.8 16
827 0 827.9 0
829 0 829.1 0
829 0 829.10 2
829 0 829.11 0
829 0 829.12 0
829 0 829.2 0
829 0 829.3 0
829 0 829.4 8
829 0 829.5 2
829 0 829.6 0
829 0 829.7 2
829 0 829.8 2
829 0 829.9 0
830 0 830.1 2
830 0 830.2 0
830 0 830.3 0
830 0 830.4 0
830 0 830.5 0
830 0 830.6 0
830 0 830.7 0
830 0 830.8 0
831 0 831.1 2
831 0 831.10 2
831 0 831.11 4
831 0 831.12 2
831 0 831.13 0
831 0 831.14 8
831 0 831.15 16
831 0 831.16 2
831 0 831.17 8
831 0 831.18 8
831 0 831.19 4
831 0 831.2 0
831 0 831.20 4
831 0 831.21 2
831 0 831.22 0
831 0 831.23 2
831 0 831.24 0
831 0 831.25 0
831 0 831.26 16
831 0 831.27 0
831 0 831.28 2
831 0 831.29 2
831 0 831.3 8
831 0 831.30 2
831 0 831.4 16
831 0 831.5 4
831 0 831.6 4
831 0 831.7 16
831 0 831.8 2
831 0 831.9 0
832 0 832.1 0
832 0 832.10 0
832 0 832.11 0
832 0 832.12 2
832 0 832.13 0
832 0 832.14 2
832 0 832.15 0
832 0 832.16 2
832 0 832.17 2
832 0 832.18 0
832 0 832.19 2
832 0 832.2 0
832 0 832.3 16
832 0 832.4 16
832 0 832.5 2
832 0 832.6 0
832 0 832.7 0
832 0 832.8 0
832 0 832.9 0
833 0 833.1 0
833 0 833.10 0
833 0 833.2 0
833 0 833.3 0
833 0 833.4 0
833 0 833.5 0
833 0 833.6 0
833 0 833.7 0
833 0 833.8 8
833 0 833.9 8
834 0 834.1 4
834 0 834.10 16
834 0 834.11 8
834 0 834.12 0
834 0 834.2 8
834 0 834.3 2
834 0 834.4 4
834 0 834.5 0
834 0 834.6 16
834 0 834.7 16
834 0 834.8 0
834 0 834.9 16
835 0 835.1 2
835 0 835.2 0
835 0 835.3 0
835 0 835.4 0
835 0 835.5 0
835 0 835.6 2
835 0 835.7 2
836 0 836.1 16
836 0 836.2 8
836 0 836.3 0
837 0 837.1 0
837 0 837.10 2
837 0 837.11 0
837 0 837.12 2
837 0 837.13 2
837 0 837.14 2
837 0 837.15 2
837 0 837.2 2
837 0 837.3 2
837 0 837.4 16
837 0 837.5 16
837 0 837.6 8
837 0 837.7 2
837 0 837.8 0
837 0 837.9 0
838 0 838.1 0
838 0 838.10 2
838 0 838.11 0
838 0 838.12 2
838 0 838.13 16
838 0 838.14 0
838 0 838.15 0
838 0 838.16 0
838 0 838.17 16
838 0 838.18 16
838 0 838.19 0
838 0 838.2 0
838 0 838.20 16
838 0 838.21 0
838 0 838.22 0
838 0 838.23 0
838 0 838.24 0
838 0 838.25 0
838 0 838.26 0
838 0 838.27 0
838 0 838.28 0
838 0 838.29 2
838 0 838.3 0
838 0 838.30 0
838 0 838.31 0
838 0 838.32 0
838 0 838.33 0
838 0 838.34 16
838 0 838.35 0
838 0 838.36 0
838 0 838.37 0
838 0 838.38 0
838 0 838.39 0
838 0 838.4 0
838 0 838.5 0
838 0 838.6 0
838 0 838.7 0
838 0 838.8 0
838 0 838.9 2
839 0 839.1 0
839 0 839.10 4
839 0 839.2 0
839 0 839.3 0
839 0 839.4 0
839 0 839.5 0
839 0 839.6 0
839 0 839.7 0
839 0 839.8 0
839 0 839.9 0
840 0 840.1 0
840 0 840.2 0
840 0 840.3 2
841 0 841.1 8
841 0 841.2 0
841 0 841.3 2
844 0 844.1 16
844 0 844.10 0
844 0 844.11 8
844 0 844.12 0
844 0 844.13 0
844 0 844.14 8
844 0 844.15 0
844 0 844.16 0
844 0 844.17 0
844 0 844.18 0
844 0 844.19 0
844 0 844.2 2
844 0 844.20 0
844 0 844.21 0
844 0 844.3 0
844 0 844.4 0
844 0 844.5 0
844 0 844.6 0
844 0 844.7 4
844 0 844.8 4
844 0 844.9 4
846 0 846.1 0
846 0 846.2 16
846 0 846.3 0
846 0 846.4 0
846 0 846.5 16
847 0 847.1 8
847 0 847.10 0
847 0 847.11 0
847 0 847.12 0
847 0 847.13 0
847 0 847.14 0
847 0 847.15 0
847 0 847.16 0
847 0 847.2 0
847 0 847.3 0
847 0 847.4 8
847 0 847.5 0
847 0 847.6 16
847 0 847.7 0
847 0 847.8 8
847 0 847.9 0
848 0 848.1 0
848 0 848.10 0
848 0 848.11 0
848 0 848.12 0
848 0 848.13 0
848 0 848.14 0
848 0 848.15 0
848 0 848.16 0
848 0 848.17 0
848 0 848.18 0
848 0 848.19 0
848 0 848.2 0
848 0 848.20 0
848 0 848.21 0
848 0 848.22 0
848 0 848.23 0
848 0 848.24 0
848 0 848.25 0
848 0 848.26 0
848 0 848.27 0
848 0 848.28 0
848 0 848.29 0
848 0 848.3 0
848 0 848.30 0
848 0 848.31 0
848 0 848.32 0
848 0 848.33 0
848 0 848.34 0
848 0 848.35 0
848 0 848.36 0
848 0 848.4 0
848 0 848.5 0
848 0 848.6 0
848 0 848.7 0
848 0 848.8 2
848 0 848.9 0
850 0 850.1 0
850 0 850.10 0
850 0 850.11 4
850 0 850.2 0
850 0 850.3 0
850 0 850.4 0
850 0 850.5 0
850 0 850.6 0
850 0 850.7 0
850 0 850.8 0
850 0 850.9 0
851 0 851.1 8
851 0 851.10 8
851 0 851.11 0
851 0 851.12 0
851 0 851.13 8
851 0 851.14 8
851 0 851.15 0
851 0 851.16 0
851 0 851.17 16
851 0 851.18 0
851 0 851.19 2
851 0 851.2 8
851 0 851.20 16
851 0 851.3 0
851 0 851.4 0
851 0 851.5 0
851 0 851.6 0
851 0 851.7 4
851 0 851.8 16
851 0 851.9 2
852 0 852.1 2
852 0 852.10 0
852 0 852.2 0
852 0 852.3 0
852 0 852.4 0
852 0 852.5 0
852 0 852.6 2
852 0 852.7 0
852 0 852.8 2
852 0 852.9 2
853 0 853.1 4
853 0 853.10 0
853 0 853.11 0
853 0 853.12 0
853 0 853.13 0
853 0 853.14 0
853 0 853.15 0
853 0 853.16 0
853 0 853.2 0
853 0 853.3 8
853 0 853.4 0
853 0 853.5 0
853 0 853.6 2
853 0 853.7 8
853 0 853.8 0
853 0 853.9 0
854 0 854.1 2
854 0 854.10 0
854 0 854.11 2
854 0 854.12 0
854 0 854.13 0
854 0 854.14 2
854 0 854.15 0
854 0 854.2 0
854 0 854.3 0
854 0 854.4 0
854 0 854.5 0
854 0 854.6 0
854 0 854.7 0
854 0 854.8 0
854 0 854.9 8
855 0 855.1 0
855 0 855.10 0
855 0 855.11 2
855 0 855.12 2
855 0 855.13 0
855 0 855.2 0
855 0 855.3 2
855 0 855.4 0
855 0 855.5 0
855 0 855.6 0
855 0 855.7 0
855 0 855.8 0
855 0 855.9 0
856 0 856.1 2
856 0 856.10 0
856 0 856.11 2
856 0 856.12 2
856 0 856.13 0
856 0 856.2 0
856 0 856.3 0
856 0 856.4 0
856 0 856.5 0
856 0 856.6 2
856 0 856.7 2
856 0 856.8 2
856 0 856.9 0
857 0 857.1 16
857 0 857.10 0
857 0 857.11 0
857 0 857.12 0
857 0 857.13 0
857 0 857.2 0
857 0 857.3 0
857 0 857.4 0
857 0 857.5 0
857 0 857.6 0
857 0 857.7 0
857 0 857.8 0
857 0 857.9 0
858 0 858.1 16
858 0 858.2 0
858 0 858.3 16
858 0 858.4 0
858 0 858.5 0
858 0 858.6 0
858 0 858.7 16
859 0 859.1 0
859 0 859.10 0
859 0 859.2 2
859 0 859.3 0
859 0 859.4 16
859 0 859.5 16
859 0 859.6 16
859 0 859.7 0
859 0 859.8 0
859 0 859.9 2
860 0 860.1 0
860 0 860.10 16
860 0 860.11 0
860 0 860.12 16
860 0 860.13 0
860 0 860.14 0
860 0 860.2 0
860 0 860.3 16
860 0 860.4 0
860 0 860.5 0
860 0 860.6 0
860 0 860.7 8
860 0 860.8 16
860 0 860.9 0
861 0 861.1 0
861 0 861.10 0
861 0 861.2 0
861 0 861.3 0
861 0 861.4 0
861 0 861.5 2
861 0 861.6 0
861 0 861.7 0
861 0 861.8 0
861 0 861.9 0
862 0 862.1 0
862 0 862.10 0
862 0 862.11 2
862 0 862.12 0
862 0 862.13 2
862 0 862.14 0
862 0 862.15 0
862 0 862.16 0
862 0 862.17 0
862 0 862.18 2
862 0 862.19 2
862 0 862.2 2
862 0 862.20 2
862 0 862.3 0
862 0 862.4 2
862 0 862.5 0
862 0 862.6 0
862 0 862.7 0
862 0 862.8 0
862 0 862.9 2
863 0 863.1 0
863 0 863.2 16
863 0 863.3 16
863 0 863.4 16
864 0 864.1 16
864 0 864.10 0
864 0 864.11 2
864 0 864.12 0
864 0 864.13 2
864 0 864.14 2
864 0 864.2 4
864 0 864.3 0
864 0 864.4 0
864 0 864.5 0
864 0 864.6 4
864 0 864.7 4
864 0 864.8 0
864 0 864.9 2
865 0 865.1 0
865 0 865.10 0
865 0 865.11 16
865 0 865.12 0
865 0 865.2 0
865 0 865.3 0
865 0 865.4 16
865 0 865.5 16
865 0 865.6 0
865 0 865.7 16
865 0 865.8 16
865 0 865.9 0
866 0 866.1 0
866 0 866.10 16
866 0 866.11 2
866 0 866.12 0
866 0 866.13 0
866 0 866.14 0
866 0 866.15 2
866 0 866.16 2
866 0 866.17 0
866 0 866.18 2
866 0 866.19 2
866 0 866.2 0
866 0 866.20 0
866 0 866.3 0
866 0 866.4 2
866 0 866.5 0
866 0 866.6 4
866 0 866.7 0
866 0 866.8 0
866 0 866.9 0
867 0 867.1 0
867 0 867.10 2
867 0 867.11 0
867 0 867.12 2
867 0 867.13 2
867 0 867.14 2
867 0 867.15 0
867 0 867.16 16
867 0 867.17 0
867 0 867.18 0
867 0 867.19 0
867 0 867.2 2
867 0 867.20 0
867 0 867.21 0
867 0 867.3 16
867 0 867.4 2
867 0 867.5 0
867 0 867.6 0
867 0 867.7 0
867 0 867.8 0
867 0 867.9 0
869 0 869.1 0
869 0 869.2 0
869 0 869.3 2
869 0 869.4 0
870 0 870.1 0
870 0 870.10 0
870 0 870.11 0
870 0 870.12 0
870 0 870.13 0
870 0 870.14 0
870 0 870.15 0
870 0 870.16 2
870 0 870.17 0
870 0 870.18 0
870 0 870.19 2
870 0 870.2 0
870 0 870.20 0
870 0 870.21 0
870 0 870.22 0
870 0 870.3 2
870 0 870.4 0
870 0 870.5 0
870 0 870.6 0
870 0 870.7 0
870 0 870.8 0
870 0 870.9 0
871 0 871.1 0
871 0 871.10 0
871 0 871.11 16
871 0 871.2 2
871 0 871.3 0
871 0 871.4 0
871 0 871.5 2
871 0 871.6 0
871 0 871.7 0
871 0 871.8 0
871 0 871.9 0
872 0 872.1 0
872 0 872.10 0
872 0 872.2 0
872 0 872.3 0
872 0 872.4 0
872 0 872.5 0
872 0 872.6 0
872 0 872.7 2
872 0 872.8 0
872 0 872.9 0
873 0 873.1 0
873 0 873.10 0
873 0 873.11 2
873 0 873.12 0
873 0 873.13 2
873 0 873.14 0
873 0 873.15 2
873 0 873.16 0
873 0 873.17 0
873 0 873.18 0
873 0 873.19 0
873 0 873.2 2
873 0 873.20 2
873 0 873.21 2
873 0 873.22 0
873 0 873.23 0
873 0 873.24 2
873 0 873.3 0
873 0 873.4 2
873 0 873.5 2
873 0 873.6 2
873 0 873.7 0
873 0 873.8 0
873 0 873.9 0
874 0 874.1 0
874 0 874.10 8
874 0 874.11 2
874 0 874.12 2
874 0 874.13 8
874 0 874.14 8
874 0 874.15 0
874 0 874.16 2
874 0 874.17 4
874 0 874.18 8
874 0 874.19 0
874 0 874.2 2
874 0 874.20 2
874 0 874.21 16
874 0 874.22 2
874 0 874.23 2
874 0 874.24 16
874 0 874.25 16
874 0 874.26 2
874 0 874.27 4
874 0 874.28 2
874 0 874.3 2
874 0 874.4 0
874 0 874.5 0
874 0 874.6 0
874 0 874.7 0
874 0 874.8 0
874 0 874.9 4
875 0 875.1 0
875 0 875.10 0
875 0 875.11 0
875 0 875.12 16
875 0 875.13 16
875 0 875.14 0
875 0 875.15 16
875 0 875.16 0
875 0 875.17 0
875 0 875.18 0
875 0 875.19 0
875 0 875.2 0
875 0 875.20 16
875 0 875.3 0
875 0 875.4 16
875 0 875.5 0
875 0 875.6 16
875 0 875.7 16
875 0 875.8 0
875 0 875.9 0
876 0 876.1 2
876 0 876.2 0
876 0 876.3 0
876 0 876.4 0
876 0 876.5 2
876 0 876.6 0
876 0 876.7 0
876 0 876.8 0
876 0 876.9 0
878 0 878.1 16
878 0 878.2 0
878 0 878.3 0
878 0 878.4 0
878 0 878.5 0
878 0 878.6 0
879 0 879.1 0
879 0 879.10 0
879 0 879.11 0
879 0 879.12 2
879 0 879.2 0
879 0 879.3 0
879 0 879.4 2
879 0 879.5 0
879 0 879.6 0
879 0 879.7 2
879 0 879.8 0
879 0 879.9 0
880 0 880.1 0
880 0 880.2 0
880 0 880.3 0
880 0 880.4 0
880 0 880.5 0
880 0 880.6 0
880 0 880.7 0
880 0 880.8 16
882 0 882.1 4
882 0 882.2 2
882 0 882.3 8
882 0 882.4 4
882 0 882.5 0
882 0 882.6 2
882 0 882.7 0
882 0 882.8 4
882 0 882.9 2
883 0 883.1 0
883 0 883.10 0
883 0 883.11 2
883 0 883.12 0
883 0 883.13 0
883 0 883.14 0
883 0 883.15 16
883 0 883.16 0
883 0 883.2 0
883 0 883.3 0
883 0 883.4 16
883 0 883.5 0
883 0 883.6 0
883 0 883.7 0
883 0 883.8 2
883 0 883.9 2
884 0 884.1 0
884 0 884.2 0
884 0 884.3 16
884 0 884.4 0
884 0 884.5 16
884 0 884.6 0
884 0 884.7 16
884 0 884.8 16
885 0 885.1 0
885 0 885.2 0
885 0 885.3 16
